Rk,Name,Age,Tm,IP,G,GS,Wgs,Lgs,ND,Wchp,Ltuf,Wtm,Ltm,tmW-L%,Wlst,Lsv,CG,SHO,QS,QS%,GmScA,Best,Wrst,BQR,BQS,sDR,lDR,RS/GS,RS/IP,IP/GS,Pit/GS,<80,80-99,100-119,≥120,Max
1,Tim Adleman\adlemti01,28,CIN,69.2,13,13,4,4,5,3,1,6,7,.462,2,2,0,0,5,38%,51.4,65,40,3,1,0,5,4.8,5.2,5.4,85,4,8,1,0,101
2,Brett Anderson*\anderbr04,28,LAD,11.1,4,3,0,2,1,0,0,1,2,.333,0,1,0,0,0,0%,26.0,40,16,3,1,0,3,3.8,0.9,3.0,53,3,0,0,0,72
3,Chase Anderson\anderch01,28,MIL,151.2,31,30,9,11,10,7,1,12,18,.400,5,3,0,0,6,20%,48.8,75,17,12,5,1,16,4.7,4.3,5.0,87,6,20,4,0,110
4,Tyler Anderson*\anderty01,26,COL,114.1,19,19,5,6,8,1,3,8,11,.421,3,4,0,0,12,63%,53.1,71,28,12,5,0,10,4.8,3.4,6.0,94,1,12,6,0,106
5,Jake Arrieta\arrieja01,30,CHC,197.1,31,31,18,8,5,6,3,20,11,.645,1,3,1,1,17,55%,59.4,89,21,13,6,0,19,6.0,6.1,6.4,101,0,12,19,0,119
6,Alec Asher\asheral01,24,PHI,27.2,5,5,2,1,2,1,1,2,3,.400,1,0,0,0,3,60%,55.2,67,47,4,1,0,3,4.4,6.5,5.5,85,3,1,1,0,104
7,Homer Bailey\baileho02,30,CIN,23.0,6,6,2,3,1,1,0,3,3,.500,0,1,0,0,1,17%,42.5,76,14,5,2,0,4,4.6,3.8,3.8,76,3,2,1,0,102
8,Christian Bergman\bergmch01,28,COL,24.2,15,1,0,1,0,0,0,0,1,.000,0,0,0,0,0,0%,57.0,57,57,6,5,0,1,2.0,0.0,5.0,67,1,0,0,0,67
9,Chad Bettis\bettich01,27,COL,186.0,32,32,14,8,10,1,0,21,11,.656,4,5,1,1,17,53%,47.7,90,15,22,5,0,16,5.9,5.8,5.8,95,3,15,14,0,114
10,Ty Blach*\blachty01,25,SFG,17.0,4,2,1,0,1,0,0,1,1,.500,0,0,0,0,1,50%,62.0,81,43,0,0,1,1,3.2,4.9,5.5,88,1,1,0,0,99
11,Aaron Blair\blairaa01,24,ATL,70.0,15,15,2,7,6,0,0,4,11,.267,1,4,0,0,4,27%,39.5,65,0,12,5,0,9,4.4,3.0,4.7,81,4,10,1,0,103
12,Mike Bolsinger\bolsimi01,28,LAD,27.2,6,6,1,4,1,1,0,2,4,.333,0,1,0,0,0,0%,42.5,60,19,6,2,0,4,4.0,3.3,4.6,78,3,3,0,0,85
13,Wilfredo Boscan\boscawi01,26,PIT,15.1,6,1,0,1,0,0,0,0,1,.000,0,0,0,0,0,0%,19.0,19,19,0,0,0,1,4.0,0.0,3.0,68,1,0,0,0,68
14,Archie Bradley\bradlar01,23,ARI,141.2,26,26,8,9,9,1,2,13,13,.500,3,5,0,0,11,42%,47.7,68,5,14,5,0,12,5.8,5.1,5.4,99,1,11,14,0,116
15,Steven Brault*\braulst01,24,PIT,33.1,8,7,0,3,4,0,1,2,5,.286,0,3,0,0,1,14%,45.6,57,30,6,1,0,5,3.2,2.5,4.5,84,2,4,1,0,106
16,Jake Buchanan\buchaja01,26,CHC,6.0,2,1,1,0,0,1,0,1,0,1.000,0,0,0,0,0,0%,65.0,65,65,0,0,0,1,7.0,1.8,5.0,66,1,0,0,0,66
17,Madison Bumgarner*\bumgama01,26,SFG,226.2,34,34,15,9,10,3,6,20,14,.588,8,1,4,1,25,74%,61.6,98,25,11,1,0,14,4.8,4.7,6.7,105,0,8,26,0,117
18,Eddie Butler\butleed01,25,COL,64.0,17,9,2,4,3,1,1,2,7,.222,0,3,0,0,3,33%,40.1,68,9,14,10,1,3,4.5,4.4,5.1,84,3,5,1,0,106
19,Trevor Cahill\cahiltr01,28,CHC,65.2,50,1,1,0,0,1,0,1,0,1.000,0,0,0,0,0,0%,64.0,64,64,23,3,0,1,4.5,5.4,5.0,83,0,1,0,0,83
20,Matt Cain\cainma01,31,SFG,89.1,21,17,4,8,5,3,1,7,10,.412,0,2,0,0,4,24%,44.2,69,14,11,5,0,10,4.7,3.8,4.9,87,4,9,4,0,111
21,Andrew Cashner\cashnan01,29,TOT,132.0,28,27,5,11,11,2,4,11,16,.407,7,3,0,0,10,37%,46.5,69,9,19,8,1,14,4.2,3.6,4.9,88,4,17,6,0,108
22,Andrew Cashner\cashnan01,29,SDP,79.1,16,16,4,7,5,1,3,7,9,.438,4,1,0,0,8,50%,48.6,69,9,12,3,0,9,4.3,4.0,5.0,87,2,11,3,0,108
23,Andrew Cashner\cashnan01,29,MIA,52.2,12,11,1,4,6,1,1,4,7,.364,3,2,0,0,2,18%,43.5,67,14,7,5,1,5,4.1,3.1,4.8,88,2,6,3,0,108
24,Jhoulys Chacin\chacijh01,28,ATL,26.2,5,5,1,2,2,1,0,2,3,.400,1,0,0,0,1,20%,47.0,70,18,5,2,0,3,2.7,3.5,5.3,86,1,4,0,0,91
25,Tyler Chatwood\chatwty01,26,COL,158.0,27,27,12,9,6,1,0,15,12,.556,2,4,0,0,14,52%,51.5,83,14,15,4,0,16,4.4,3.9,5.9,94,2,14,11,0,108
26,Wei-Yin Chen*\chenwe02,30,MIA,123.1,22,22,5,5,12,1,2,13,9,.591,6,4,0,0,9,41%,48.6,71,18,17,11,0,10,4.8,4.8,5.6,87,5,13,4,0,105
27,Paul Clemens\clemepa02,28,TOT,71.1,18,14,4,5,5,4,0,7,7,.500,2,1,0,0,1,7%,47.9,65,24,6,1,0,11,4.8,4.8,4.8,81,6,7,1,0,103
28,Paul Clemens\clemepa02,28,MIA,10.0,2,2,1,0,1,1,0,1,1,.500,0,1,0,0,0,0%,41.0,42,40,0,0,0,1,6.4,5.4,5.0,91,1,0,1,0,103
29,Paul Clemens\clemepa02,28,SDP,61.1,16,12,3,5,4,3,0,6,6,.500,2,0,0,0,1,8%,49.1,65,24,6,1,0,10,4.6,4.7,4.8,79,5,7,0,0,87
30,A.J. Cole\coleaj01,24,WSN,38.1,8,8,1,2,5,0,0,2,6,.250,0,3,0,0,1,13%,48.8,65,37,1,0,0,5,3.8,3.1,4.8,84,4,2,2,0,112
31,Gerrit Cole\colege01,25,PIT,116.0,21,21,7,10,4,1,3,8,13,.381,2,2,1,0,11,52%,49.9,83,20,13,5,0,12,4.3,3.6,5.5,92,3,9,9,0,109
32,Josh Collmenter\collmjo01,30,TOT,41.1,18,3,2,0,1,1,0,3,0,1.000,0,0,0,0,2,67%,,65,56,2,0,0,2,6.5,4.7,6.3,102,0,1,2,0,106
33,Josh Collmenter\collmjo01,30,ATL,19.0,3,3,2,0,1,1,0,3,0,1.000,0,0,0,0,2,67%,60.7,65,56,0,0,0,2,6.5,4.7,6.3,102,0,1,2,0,106
34,Bartolo Colon\colonba01,43,NYM,191.2,34,33,15,8,10,4,2,20,13,.606,2,5,0,0,19,58%,52.3,75,13,16,3,1,14,4.2,4.2,5.8,86,7,20,6,0,110
35,Adam Conley*\conlead01,26,MIA,133.1,25,25,8,6,11,3,0,14,11,.560,3,2,0,0,9,36%,51.7,82,24,16,4,0,13,4.3,4.5,5.3,91,2,16,7,0,116
36,Patrick Corbin*\corbipa01,26,ARI,155.2,36,24,4,12,8,0,1,7,17,.292,3,4,0,0,8,33%,42.5,71,15,30,15,0,13,4.7,4.4,5.5,91,3,17,4,0,108
37,Jarred Cosart\cosarja01,26,TOT,57.0,13,13,0,4,9,0,0,3,10,.231,1,4,0,0,1,8%,42.6,63,18,17,7,0,12,4.5,3.5,4.4,84,4,5,4,0,106
38,Jarred Cosart\cosarja01,26,MIA,19.2,4,4,0,1,3,0,0,1,3,.250,0,1,0,0,0,0%,41.5,63,18,7,2,0,3,3.9,4.1,4.9,100,0,1,3,0,106
39,Jarred Cosart\cosarja01,26,SDP,37.1,9,9,0,3,6,0,0,2,7,.222,1,3,0,0,1,11%,43.1,62,23,10,5,0,9,4.8,3.2,4.1,77,4,4,1,0,106
40,Tyler Cravy\cravyty01,26,MIL,28.1,20,2,0,1,1,0,0,1,1,.500,0,0,0,0,0,0%,37.5,43,32,0,0,1,1,3.3,3.0,3.0,60,1,1,0,0,82
41,Johnny Cueto\cuetojo01,30,SFG,219.2,32,32,18,5,9,3,2,23,9,.719,2,2,5,2,22,69%,60.0,89,32,12,2,0,14,4.8,4.4,6.9,103,1,10,21,0,119
42,Zach Davies\davieza02,23,MIL,163.1,28,28,11,7,10,4,1,15,13,.536,3,4,0,0,15,54%,51.8,85,16,19,8,0,16,4.5,3.7,5.8,92,3,20,5,0,105
43,Joel De La Cruz\delacjo01,27,ATL,62.2,22,9,0,6,3,0,1,3,6,.333,0,1,0,0,1,11%,43.6,59,32,10,1,1,3,2.7,2.0,5.1,81,3,5,1,0,102
44,Jorge De La Rosa*\rosajo01,35,COL,134.0,27,24,7,9,8,1,2,11,13,.458,2,4,0,0,10,42%,42.6,71,7,14,6,0,12,6.2,5.3,5.3,93,3,14,7,0,112
45,Rubby De La Rosa\delarru01,27,ARI,50.2,13,10,3,4,3,0,0,4,6,.400,0,1,0,0,4,40%,52.0,81,21,11,2,1,5,4.7,4.9,4.8,81,3,6,1,0,101
46,Jose De Leon\deleojo03,23,LAD,17.0,4,4,2,0,2,1,0,2,2,.500,0,2,0,0,1,25%,42.2,57,27,3,0,0,4,6.9,7.0,4.3,76,2,2,0,0,86
47,Jacob deGrom\degroja01,28,NYM,148.0,24,24,7,8,9,2,3,12,12,.500,5,1,1,1,16,67%,56.7,91,13,11,3,0,14,3.5,3.3,6.2,98,1,10,13,0,117
48,Anthony DeSclafani\desclan01,26,CIN,123.1,20,20,9,5,6,1,1,11,9,.550,1,6,1,1,14,70%,55.0,87,31,8,3,0,9,4.2,4.0,6.2,98,1,10,9,0,117
49,Zach Eflin\eflinza01,22,PHI,63.1,11,11,3,5,3,0,1,5,6,.455,2,1,2,1,6,55%,45.5,87,5,4,1,0,5,5.0,3.8,5.8,90,2,6,3,0,102
50,Jerad Eickhoff\eickhje01,25,PHI,197.1,33,33,11,14,8,2,7,16,17,.485,0,1,0,0,20,61%,53.9,78,21,14,4,0,16,3.7,3.6,6.0,92,4,20,9,0,109
51,Robbie Erlin*\erlinro01,25,SDP,15.2,3,2,0,2,0,0,1,0,2,.000,0,0,0,0,1,50%,51.0,67,35,0,0,1,0,1.5,2.3,6.0,82,0,2,0,0,83
52,Jake Esch\eschja01,26,MIA,13.0,3,3,0,1,2,0,0,1,2,.333,0,1,0,0,0,0%,43.0,53,36,4,0,0,2,3.7,3.9,4.3,71,3,0,0,0,76
53,Edwin Escobar*\escobed02,24,ARI,23.2,25,2,0,2,0,0,0,0,2,.000,0,0,0,0,0,0%,22.5,34,11,12,4,0,1,3.0,3.9,3.5,76,1,1,0,0,87
54,Jose Fernandez\fernajo02,23,MIA,182.1,29,29,16,8,5,2,1,18,11,.621,2,2,0,0,19,66%,61.5,88,22,4,2,0,16,3.8,3.1,6.3,101,1,9,19,0,117
55,Brandon Finnegan*\finnebr01,23,CIN,172.0,31,31,10,11,10,5,3,12,19,.387,5,3,1,0,15,48%,51.6,81,12,13,2,0,14,4.5,4.6,5.5,93,5,17,9,0,111
56,Kendry Flores\floreke01,24,MIA,3.0,1,1,0,0,1,0,0,1,0,1.000,0,0,0,0,0,0%,55.0,55,55,0,0,0,1,7.0,9.0,3.0,59,1,0,0,0,59
57,Mike Foltynewicz\foltymi01,24,ATL,123.1,22,22,9,5,8,3,0,11,11,.500,3,3,0,0,9,41%,51.1,77,21,18,5,0,10,5.0,5.4,5.6,96,3,6,13,0,112
58,Christian Friedrich*\friedch01,28,SDP,129.1,24,23,5,12,6,2,3,8,15,.348,1,4,0,0,8,35%,48.1,82,26,17,9,0,18,4.7,4.2,5.6,93,2,16,5,0,116
59,John Gant\gantjo01,23,ATL,50.0,20,7,1,3,3,0,0,3,4,.429,0,3,0,0,1,14%,47.0,69,20,11,1,0,4,3.1,2.7,4.3,80,2,3,2,0,113
60,Jaime Garcia*\garcija02,29,STL,171.2,32,30,10,13,7,2,2,14,16,.467,4,2,1,1,10,33%,49.0,97,16,23,11,1,15,4.2,4.6,5.5,83,8,19,3,0,110
61,Matt Garza\garzama01,32,MIL,101.2,19,19,6,8,5,2,0,9,10,.474,3,2,0,0,7,37%,45.6,73,19,9,3,0,10,4.9,4.4,5.4,90,1,13,5,0,103
62,Sean Gilmartin*\gilmase01,26,NYM,17.2,14,1,0,1,0,0,0,0,1,.000,0,0,0,0,0,0%,21.0,21,21,5,0,1,0,8.0,,0.7,39,1,0,0,0,39
63,Lucas Giolito\giolilu01,21,WSN,21.1,6,4,0,1,3,0,0,1,3,.250,0,0,0,0,0,0%,41.5,59,31,5,0,0,4,5.4,6.2,4.0,75,2,1,1,0,100
64,Tyler Glasnow\glasnty01,22,PIT,23.1,7,4,0,2,2,0,0,1,3,.250,0,1,0,0,0,0%,47.2,61,35,7,3,0,3,3.9,3.1,4.1,77,3,1,0,0,87
65,Zack Godley\godleza01,26,ARI,74.2,27,9,4,3,2,2,0,5,4,.556,1,3,0,0,3,33%,39.2,62,3,12,2,0,3,6.3,5.1,5.3,83,2,6,1,0,101
66,Gio Gonzalez*\gonzagi01,30,WSN,177.1,32,32,11,11,10,3,4,14,18,.438,4,2,0,0,16,50%,50.2,75,23,30,10,0,11,4.3,4.6,5.5,97,2,12,18,0,116
67,Jon Gray\grayjo02,24,COL,168.0,29,29,10,10,9,2,3,12,17,.414,3,3,1,1,16,55%,52.5,95,8,9,5,0,15,5.6,5.2,5.8,96,1,19,9,0,115
68,Zack Greinke\greinza01,32,ARI,158.2,26,26,13,7,6,2,2,16,10,.615,3,2,1,1,16,62%,51.7,81,2,6,2,0,10,4.5,4.8,6.1,96,2,10,14,0,119
69,Robert Gsellman\gsellro01,22,NYM,44.2,8,7,3,2,2,0,0,4,3,.571,0,1,0,0,3,43%,56.7,77,41,7,4,0,3,5.3,2.6,5.9,91,1,5,1,0,107
70,Junior Guerra\guerrju02,31,MIL,121.2,20,20,9,3,8,2,1,14,6,.700,3,2,0,0,12,60%,57.8,83,36,7,1,0,12,4.0,4.0,6.1,93,3,8,9,0,113
71,Jason Hammel\hammeja01,33,CHC,166.2,30,30,15,10,5,2,1,17,13,.567,1,3,0,0,16,53%,53.2,77,5,14,1,1,18,4.6,4.1,5.6,87,5,18,7,0,110
72,Lucas Harrell\harrelu01,31,ATL,29.1,5,5,2,2,1,0,0,3,2,.600,1,0,0,0,3,60%,53.4,70,24,2,1,0,3,3.9,2.5,5.9,96,0,3,2,0,113
73,Matt Harvey\harvema01,27,NYM,92.2,17,17,4,10,3,1,2,6,11,.353,1,1,0,0,7,41%,46.8,78,12,12,2,0,11,2.8,2.2,5.5,89,3,8,6,0,104
74,Jeremy Hellickson\hellije01,29,PHI,189.0,32,32,12,10,10,2,3,17,15,.531,2,5,1,1,17,53%,53.8,86,23,10,3,0,15,3.8,3.6,5.9,91,7,16,9,0,110
75,Kyle Hendricks\hendrky01,26,CHC,190.0,31,30,16,8,6,1,2,19,11,.633,2,2,2,1,20,67%,61.2,81,41,13,5,0,21,4.8,4.5,6.3,95,1,19,9,1,123
76,Roberto Hernandez\carmofa01,35,ATL,9.0,2,2,1,1,0,1,0,1,1,.500,0,0,0,0,0,0%,38.0,46,30,1,0,0,1,8.0,6.3,4.5,85,1,1,0,0,95
77,Rich Hill*\hillri01,36,LAD,34.1,6,6,3,2,1,0,0,3,3,.500,1,0,0,0,3,50%,64.2,86,50,1,1,0,4,2.9,3.3,5.7,85,1,5,0,0,93
78,Jeff Hoffman\hoffmje02,23,COL,31.1,8,6,0,4,2,0,1,0,6,.000,1,1,0,0,1,17%,40.7,64,23,2,1,1,4,4.1,2.8,4.6,83,2,4,0,0,95
79,Drew Hutchison\hutchdr01,25,PIT,11.1,6,1,0,0,1,0,0,0,1,.000,0,0,0,0,0,0%,33.0,33,33,0,0,0,1,7.0,9.0,4.0,73,1,0,0,0,73
80,Raisel Iglesias\iglesra01,26,CIN,78.1,37,5,1,1,3,1,0,3,2,.600,1,2,0,0,2,40%,51.8,61,43,4,0,0,2,4.5,2.7,5.7,97,0,3,2,0,107
81,Edwin Jackson\jacksed01,32,TOT,84.0,21,13,5,6,2,0,0,5,8,.385,0,1,0,0,7,54%,,78,12,2,0,0,12,3.3,4.0,5.6,93,2,6,5,0,108
82,Edwin Jackson\jacksed01,32,SDP,73.1,13,13,5,6,2,0,0,5,8,.385,0,1,0,0,7,54%,44.7,78,12,2,0,0,12,3.3,4.0,5.6,93,2,6,5,0,108
83,Tyrell Jenkins\jenkity01,23,ATL,52.0,14,8,2,3,3,0,0,4,4,.500,1,1,0,0,4,50%,41.8,62,9,6,3,1,3,3.6,2.2,5.0,86,3,3,2,0,107
84,Erik Johnson\johnser04,26,SDP,19.2,4,4,0,4,0,0,0,0,4,.000,0,0,0,0,0,0%,31.5,39,22,5,2,0,3,4.3,3.9,4.9,88,2,1,1,0,115
85,Taylor Jungmann\jungmta01,26,MIL,26.2,8,6,0,5,1,0,0,1,5,.167,1,0,0,0,0,0%,37.5,54,9,7,2,1,2,1.5,1.7,4.1,82,2,4,0,0,96
86,Scott Kazmir*\kazmisc01,32,LAD,136.1,26,26,10,6,10,5,2,15,11,.577,2,2,0,0,9,35%,50.5,76,27,18,5,0,15,5.7,5.8,5.2,92,3,15,7,1,120
87,Casey Kelly\kellyca01,26,ATL,21.2,10,1,0,1,0,0,0,0,1,.000,0,0,0,0,0,0%,41.0,41,41,3,1,0,1,0.0,0.0,5.0,85,0,1,0,0,85
88,Clayton Kershaw*\kershcl01,28,LAD,149.0,21,21,12,4,5,0,1,17,4,.810,1,2,3,3,17,81%,70.3,95,40,1,1,0,11,4.4,3.6,7.1,98,2,7,12,0,116
89,Phil Klein\kleinph01,27,PHI,10.2,4,2,0,0,2,0,0,1,1,.500,0,2,0,0,0,0%,44.0,51,37,5,3,1,1,3.5,0.0,4.5,79,1,1,0,0,90
90,Matt Koch\kochma01,25,ARI,18.0,7,2,0,0,2,0,0,1,1,.500,1,0,0,0,1,50%,60.0,61,59,2,2,1,0,2.5,2.3,5.5,71,2,0,0,0,73
91,Tom Koehler\koehlto01,30,MIA,176.2,33,33,9,13,11,2,4,12,21,.364,7,3,0,0,16,48%,49.5,76,7,16,11,0,14,4.1,3.6,5.4,94,6,13,14,0,115
92,Chad Kuhl\kuhlch01,23,PIT,70.2,14,14,5,4,5,1,1,9,5,.643,2,0,0,0,8,57%,50.2,75,24,8,3,0,9,4.9,4.3,5.0,82,4,9,1,0,102
93,John Lackey\lackejo01,37,CHC,188.1,29,29,11,8,10,2,4,17,12,.586,4,5,0,0,20,69%,58.6,79,23,12,6,0,15,4.8,4.6,6.5,98,1,14,14,0,115
94,John Lamb*\lambjo02,25,CIN,70.0,14,14,1,7,6,0,1,3,11,.214,3,1,0,0,5,36%,42.2,65,3,13,9,0,7,3.0,3.8,5.0,90,4,4,6,0,112
95,Mat Latos\latosma01,28,WSN,9.2,6,1,0,0,1,0,0,1,0,1.000,0,0,0,0,0,0%,54.0,54,54,5,2,0,0,9.0,18.0,4.3,68,1,0,0,0,68
96,Mike Leake\leakemi01,28,STL,176.2,30,30,9,12,9,1,4,13,17,.433,1,8,0,0,16,53%,48.2,72,23,10,3,0,14,4.5,3.3,5.9,89,5,21,4,0,113
97,Jon Lester*\lestejo01,32,CHC,202.2,32,32,19,5,8,1,2,24,8,.750,2,5,2,0,26,81%,61.6,85,5,18,4,0,19,5.1,4.4,6.3,99,3,9,20,0,118
98,Francisco Liriano*\liriafr01,32,PIT,113.2,21,21,6,11,4,2,3,9,12,.429,3,2,0,0,7,33%,46.3,71,12,16,7,0,11,4.5,4.6,5.4,95,2,13,6,0,111
99,Jeff Locke*\lockeje01,28,PIT,127.1,30,19,8,7,4,2,0,9,10,.474,0,3,1,1,9,47%,43.3,82,-3,15,4,0,9,4.9,4.7,5.6,90,3,12,4,0,106
100,Reynaldo Lopez\lopezre01,22,WSN,44.0,11,6,2,3,1,0,0,2,4,.333,0,0,0,0,2,33%,44.5,72,23,8,0,0,4,4.1,4.3,4.9,94,0,3,3,0,105
101,Seth Lugo\lugose01,26,NYM,64.0,17,8,5,1,2,2,1,7,1,.875,0,2,0,0,4,50%,56.1,65,49,4,2,1,4,6.1,6.2,5.9,87,1,6,1,0,101
102,Jordan Lyles\lylesjo01,25,COL,58.2,40,5,1,2,2,0,0,2,3,.400,0,1,0,0,1,20%,34.8,70,19,15,9,0,3,7.0,4.7,4.0,69,4,1,0,0,84
103,Kenta Maeda\maedake01,28,LAD,175.2,32,32,16,11,5,8,2,19,13,.594,2,3,0,0,14,44%,55.1,82,21,18,3,0,19,4.9,4.5,5.5,92,4,20,8,0,107
104,German Marquez\marquge01,21,COL,20.2,6,3,1,1,1,1,0,1,2,.333,1,0,0,0,1,33%,44.0,58,17,3,0,0,1,6.0,5.4,5.1,83,0,3,0,0,87
105,Carlos Martinez\martica04,24,STL,195.1,31,31,16,9,6,3,2,17,14,.548,3,4,0,0,20,65%,57.3,79,30,8,0,0,16,5.1,4.6,6.3,98,2,13,15,1,122
106,Brian Matusz*\matusbr01,29,CHC,3.0,1,1,0,0,1,0,0,1,0,1.000,0,1,0,0,0,0%,23.0,23,23,0,0,0,1,5.6,0.0,3.0,57,1,0,0,0,57
107,Steven Matz*\matzst01,25,NYM,132.1,22,22,9,8,5,0,3,11,11,.500,3,2,0,0,14,64%,55.4,83,14,8,1,0,13,4.3,4.5,6.0,98,2,8,11,1,120
108,Mike Mayers\mayermi01,24,STL,5.1,4,1,0,1,0,0,0,0,1,.000,0,0,0,0,0,0%,1.0,1,1,3,3,0,1,6.0,9.0,1.3,62,1,0,0,0,62
109,Brandon McCarthy\mccarbr01,32,LAD,40.0,10,9,2,2,5,2,0,5,4,.556,1,3,0,0,2,22%,54.1,74,37,11,5,0,7,3.7,2.7,4.4,75,6,3,0,0,85
110,Tim Melville\melviti01,26,CIN,9.0,3,2,0,1,1,0,0,1,1,.500,0,1,0,0,0,0%,34.5,49,20,0,0,0,1,2.6,3.9,3.5,77,1,1,0,0,92
111,Shelby Miller\millesh01,25,ARI,101.0,20,20,3,12,5,1,1,6,14,.300,1,2,1,1,4,20%,42.0,66,25,17,1,0,11,3.9,3.6,5.1,87,5,12,3,0,107
112,Rafael Montero\montera01,25,NYM,19.0,9,3,0,1,2,0,0,2,1,.667,0,0,0,0,0,0%,41.3,60,19,2,1,0,3,2.6,2.3,3.7,80,2,0,1,0,100
113,Mike Montgomery*\montgmi01,26,CHC,38.1,17,5,0,0,5,0,0,3,2,.600,0,3,0,0,1,20%,53.8,63,40,2,0,1,4,5.0,5.4,4.9,76,2,3,0,0,91
114,Matt Moore*\moorema02,27,SFG,68.1,12,12,6,5,1,2,1,7,5,.583,0,0,0,0,6,50%,53.8,86,14,8,2,0,5,4.8,5.0,5.7,97,2,4,5,1,133
115,Adam Morgan*\morgaad01,26,PHI,113.1,23,21,2,11,8,0,4,5,16,.238,1,2,0,0,8,38%,43.2,68,13,10,3,0,10,3.3,2.8,5.2,90,2,16,3,0,103
116,Charlie Morton\mortoch02,32,PHI,17.1,4,4,1,1,2,0,0,3,1,.750,0,1,0,0,2,50%,52.2,71,28,4,2,0,2,5.6,2.1,4.3,69,2,1,1,0,100
117,Jon Moscot\moscojo01,24,CIN,21.1,5,5,0,3,2,0,0,0,5,.000,0,0,0,0,0,0%,37.2,49,13,4,1,0,2,3.8,4.3,4.3,83,2,2,1,0,102
118,Jimmy Nelson\nelsoji02,27,MIL,179.1,32,32,8,16,8,1,3,12,20,.375,4,3,0,0,13,41%,47.4,70,16,18,4,0,18,3.8,3.5,5.6,93,1,22,9,0,109
119,Juan Nicasio\nicasju01,29,PIT,118.0,52,12,5,5,2,2,0,6,6,.500,0,2,0,0,4,33%,48.6,78,28,18,4,0,8,4.4,4.1,5.2,93,1,7,4,0,105
120,Justin Nicolino*\nicolju01,24,MIA,79.1,18,13,2,6,5,1,1,5,8,.385,0,3,0,0,3,23%,42.2,74,27,13,1,0,7,3.6,2.8,5.4,83,4,8,1,0,101
121,Jon Niese*\niesejo01,29,TOT,121.0,29,20,7,7,6,2,1,10,10,.500,1,3,0,0,7,35%,44.4,71,18,16,4,0,13,4.6,5.2,5.3,89,2,15,3,0,110
122,Jon Niese*\niesejo01,29,PIT,110.0,23,18,7,6,5,2,1,9,9,.500,1,3,0,0,7,39%,44.9,71,18,13,1,0,11,4.5,5.1,5.6,93,1,14,3,0,110
123,Jon Niese*\niesejo01,29,NYM,11.0,6,2,0,1,1,0,0,1,1,.500,0,0,0,0,0,0%,39.5,44,35,3,3,0,2,6.0,6.0,2.5,52,1,1,0,0,82
124,Aaron Nola\nolaaa01,23,PHI,111.0,20,20,6,9,5,1,2,8,12,.400,3,1,0,0,11,55%,50.4,79,14,8,5,0,9,3.9,4.2,5.6,90,5,10,5,0,111
125,Bud Norris\norribu01,31,TOT,113.0,35,19,6,7,6,2,1,10,9,.526,3,3,0,0,5,26%,47.4,77,14,19,6,3,6,4.9,3.9,4.8,86,3,13,3,0,104
126,Bud Norris\norribu01,31,ATL,70.1,22,10,3,5,2,1,1,5,5,.500,1,1,0,0,3,30%,48.3,77,14,9,2,1,4,3.9,3.7,5.2,91,1,7,2,0,101
127,Bud Norris\norribu01,31,LAD,42.2,13,9,3,2,4,1,0,5,4,.556,2,2,0,0,2,22%,46.4,75,22,10,4,2,2,6.0,4.3,4.4,81,2,6,1,0,104
128,Ivan Nova\novaiv01,29,PIT,64.2,11,11,5,2,4,1,0,7,3,.700,0,3,3,0,6,55%,54.6,76,23,1,0,0,5,4.4,3.9,5.9,76,7,4,0,0,98
129,Jake Peavy\peavyja01,35,SFG,118.2,31,21,5,9,7,0,0,11,10,.524,4,3,0,0,8,38%,46.7,78,19,15,5,0,9,4.1,2.9,5.2,87,6,10,5,0,112
130,Wily Peralta\peralwi01,27,MIL,127.2,23,23,7,11,5,4,4,9,14,.391,2,3,0,0,9,39%,46.0,76,22,13,3,0,13,4.2,4.0,5.6,93,1,17,5,0,108
131,Luis Perdomo\perdolu02,23,SDP,146.2,35,20,8,9,3,2,4,11,9,.550,0,1,1,0,10,50%,46.9,71,25,15,0,1,13,4.6,4.9,5.9,91,5,10,5,0,113
132,Williams Perez\perezwi01,25,ATL,53.2,11,11,2,3,6,0,0,6,5,.545,0,3,0,0,3,27%,44.1,78,19,7,2,1,4,5.0,4.0,4.9,78,4,6,1,0,106
133,Yusmeiro Petit\petityu01,31,WSN,62.0,36,1,0,1,0,0,1,0,1,.000,0,0,0,0,1,100%,54.0,54,54,14,6,1,0,1.0,0.0,6.0,94,0,1,0,0,94
134,David Phelps\phelpda01,29,MIA,86.2,64,5,2,1,2,1,0,4,1,.800,0,1,0,0,1,20%,59.0,75,46,12,3,0,2,4.2,3.6,4.9,84,2,3,0,0,96
135,Drew Pomeranz*\pomerdr01,27,SDP,102.0,17,17,8,7,2,2,3,9,8,.529,0,0,0,0,11,65%,61.5,79,38,4,2,0,8,3.6,3.8,6.0,100,0,8,9,0,111
136,Robbie Ray*\rayro02,24,ARI,174.1,32,32,8,15,9,2,1,11,21,.344,3,5,0,0,10,31%,49.5,83,25,21,11,0,14,4.2,3.8,5.4,99,2,10,20,0,116
137,Colin Rea\reaco01,25,TOT,102.2,20,19,5,5,9,2,2,11,8,.579,3,3,0,0,7,37%,48.0,76,14,11,5,1,9,6.4,5.8,5.4,92,2,12,5,0,110
138,Colin Rea\reaco01,25,SDP,99.1,19,18,5,5,8,2,2,10,8,.556,3,3,0,0,7,39%,47.2,76,14,11,5,1,9,6.1,5.6,5.5,94,1,12,5,0,110
139,Colin Rea\reaco01,25,MIA,3.1,1,1,0,0,1,0,0,1,0,1.000,0,0,0,0,0,0%,62.0,62,62,0,0,0,0,12.4,12.0,3.3,44,1,0,0,0,44
140,Cody Reed*\reedco01,23,CIN,47.2,10,10,0,7,3,0,0,0,10,.000,1,1,0,0,2,20%,38.1,67,17,1,0,0,7,3.7,3.5,4.8,88,3,5,2,0,104
141,Alex Reyes\reyesal02,21,STL,46.0,12,5,2,0,3,1,0,3,2,.600,1,0,0,0,3,60%,58.0,73,46,4,1,1,2,4.2,4.8,5.7,98,0,3,2,0,115
142,Clayton Richard*\richacl01,32,TOT,67.2,36,9,3,3,3,0,1,6,3,.667,1,2,0,0,5,56%,,71,26,25,6,0,7,4.5,3.9,5.8,90,1,7,1,0,114
143,Clayton Richard*\richacl01,32,SDP,53.2,11,9,3,3,3,0,1,6,3,.667,1,2,0,0,5,56%,51.8,71,26,6,0,0,7,4.5,3.9,5.8,90,1,7,1,0,114
144,Tanner Roark\roarkta01,29,WSN,210.0,34,33,16,10,7,3,3,20,13,.606,4,2,0,0,22,67%,57.5,85,25,7,1,0,13,4.1,3.7,6.3,101,2,10,20,1,121
145,Joe Ross\rossjo01,23,WSN,105.0,19,19,7,5,7,1,1,12,7,.632,0,2,0,0,9,47%,53.0,76,34,13,0,0,6,4.9,4.5,5.5,90,3,10,6,0,110
146,Tyson Ross\rossty01,29,SDP,5.1,1,1,0,1,0,0,0,0,1,.000,0,0,0,0,0,0%,24.0,24,24,2,2,0,1,0.0,0.0,5.3,94,0,1,0,0,94
147,Chris Rusin*\rusinch01,29,COL,84.1,29,7,1,4,2,0,2,3,4,.429,1,0,0,0,3,43%,44.9,68,11,7,3,0,3,3.9,4.8,5.6,89,1,6,0,0,93
148,Hyun-Jin Ryu*\ryuhy01,29,LAD,4.2,1,1,0,1,0,0,0,0,1,.000,0,0,0,0,0,0%,26.0,26,26,1,0,0,1,0.0,0.0,4.7,89,0,1,0,0,89
149,Jeff Samardzija\samarje01,31,SFG,203.1,32,32,12,11,9,2,4,15,17,.469,2,4,1,0,17,53%,54.2,80,23,18,1,0,15,3.8,3.9,6.4,100,1,16,14,1,123
150,Keyvius Sampson\sampske01,25,CIN,39.1,18,2,0,0,2,0,0,2,0,1.000,0,0,0,0,0,0%,58.0,61,55,10,0,1,1,5.1,10.1,4.5,88,0,2,0,0,89
151,Max Scherzer\scherma01,31,WSN,228.1,34,34,20,7,7,3,3,24,10,.706,1,3,1,0,26,76%,63.5,88,29,4,1,0,13,4.8,4.5,6.7,105,0,11,23,0,119
152,James Shields\shielja02,34,SDP,67.1,11,11,2,7,2,0,4,2,9,.182,0,1,0,0,8,73%,51.1,71,-1,2,0,0,6,2.0,1.6,6.1,98,1,3,7,0,110
153,Braden Shipley\shiplbr01,24,ARI,70.0,13,11,3,5,3,1,1,6,5,.545,1,0,0,0,5,45%,46.9,77,20,8,4,0,5,4.0,4.2,5.7,94,1,6,4,0,106
154,Alfredo Simon\simonal01,35,CIN,58.2,15,11,2,6,3,1,0,3,8,.273,2,1,0,0,2,18%,35.0,57,-4,9,4,0,7,4.7,6.0,4.7,90,3,4,4,0,111
155,Josh Smith\smithjo07,28,CIN,59.2,32,2,0,2,0,0,0,0,2,.000,0,0,0,0,0,0%,51.5,53,50,10,2,1,0,2.0,0.0,4.0,65,2,0,0,0,66
156,Robert Stephenson\stephro01,23,CIN,37.0,8,8,2,3,3,1,0,3,5,.375,1,2,0,0,1,13%,43.9,68,29,3,0,0,5,5.1,5.6,4.6,90,1,4,3,0,105
157,Brock Stewart\stewabr01,24,LAD,28.0,7,5,2,2,1,2,0,3,2,.600,0,0,0,0,0,0%,43.4,69,6,2,1,0,5,2.5,2.9,4.8,81,2,3,0,0,95
158,Dan Straily\straida01,27,CIN,191.1,34,31,14,8,9,4,3,20,11,.645,3,4,0,0,20,65%,54.5,75,14,17,3,1,10,5.3,4.3,5.9,94,4,18,9,0,112
159,Stephen Strasburg\strasst01,27,WSN,147.2,24,24,15,4,5,1,0,19,5,.792,0,3,0,0,15,63%,58.8,84,1,11,3,0,10,6.4,6.4,6.2,99,2,5,17,0,114
160,Ross Stripling\stripro01,26,LAD,100.0,22,14,3,6,5,3,1,6,8,.429,2,3,0,0,4,29%,48.9,74,30,9,3,0,11,3.3,3.3,5.4,88,3,9,2,0,107
161,Albert Suarez\suareal01,26,SFG,84.0,22,12,1,4,7,1,0,3,9,.250,6,1,0,0,2,17%,49.4,57,40,16,4,0,4,3.7,4.1,5.1,83,6,4,2,0,103
162,Brent Suter*\suterbr01,26,MIL,21.2,14,2,0,2,0,0,0,0,2,.000,0,0,0,0,0,0%,33.0,34,32,5,0,0,1,3.5,1.8,4.7,88,0,2,0,0,89
163,Noah Syndergaard\syndeno01,23,NYM,183.2,31,30,14,9,7,2,3,19,11,.633,2,0,0,0,20,67%,59.4,82,27,9,3,1,18,4.4,4.3,6.1,97,3,14,13,0,118
164,Jameson Taillon\taillja01,24,PIT,104.0,18,18,5,4,9,1,3,13,5,.722,3,2,0,0,12,67%,55.0,82,26,2,1,0,10,5.1,4.8,5.8,86,5,11,2,0,102
165,Julio Teheran\teherju01,25,ATL,188.0,30,30,7,10,13,0,3,10,20,.333,3,3,1,1,16,53%,57.7,92,19,6,2,0,16,3.3,3.3,6.3,99,2,10,17,1,120
166,Nick Tepesch\tepesni01,27,LAD,4.0,1,1,0,1,0,0,0,0,1,.000,0,0,0,0,0,0%,31.0,31,31,0,0,0,1,6.0,4.5,4.0,66,1,0,0,0,66
167,Jake Thompson\thompja03,22,PHI,53.2,10,10,3,6,1,2,2,3,7,.300,0,1,0,0,3,30%,44.9,67,21,4,1,0,6,3.8,2.8,5.4,92,1,6,3,0,111
168,Jose Urena\urenajo01,24,MIA,83.2,28,12,3,8,1,0,1,4,8,.333,0,0,0,0,4,33%,46.6,80,15,7,3,0,5,2.6,2.2,5.3,87,2,8,2,0,108
169,Julio Urias*\uriasju01,19,LAD,77.0,18,15,4,2,9,1,0,10,5,.667,2,2,0,0,3,20%,52.5,66,29,11,2,0,10,4.5,4.8,4.6,84,5,9,1,0,100
170,Cesar Vargas\vargace01,24,SDP,34.0,7,7,0,3,4,0,1,2,5,.286,1,2,0,0,2,29%,46.1,67,14,1,0,0,5,3.6,1.5,4.9,87,1,6,0,0,96
171,Vince Velasquez\velasvi01,24,PHI,131.0,24,24,8,6,10,2,1,11,13,.458,2,2,1,1,9,38%,52.8,97,10,10,2,0,12,3.5,3.3,5.5,92,2,13,9,0,113
172,Logan Verrett\verrelo01,26,NYM,91.2,35,12,1,6,5,0,0,3,9,.250,1,2,0,0,4,33%,42.9,70,7,9,3,3,5,4.3,2.9,5.0,86,3,7,2,0,107
173,Ryan Vogelsong\vogelry01,38,PIT,82.1,24,14,2,6,6,2,2,4,10,.286,2,1,0,0,3,21%,47.5,67,21,11,8,0,6,4.0,3.1,4.8,80,6,7,1,0,102
174,Michael Wacha\wachami01,24,STL,138.0,27,24,7,7,10,2,4,14,10,.583,1,8,0,0,13,54%,48.2,73,14,7,2,0,12,5.1,3.9,5.5,92,1,16,7,0,114
175,Adam Wainwright\wainwad01,34,STL,198.2,33,33,13,9,11,6,3,22,11,.667,3,8,1,1,18,55%,49.0,84,15,11,2,0,17,5.7,4.4,6.0,97,3,17,12,1,120
176,Adam Warren\warread01,28,CHC,35.0,29,1,0,0,1,0,0,0,1,.000,1,0,0,0,0,0%,63.0,63,63,8,5,0,1,3.0,3.6,5.0,93,0,1,0,0,93
177,Luke Weaver\weavelu01,22,STL,36.1,9,8,1,4,3,0,1,3,5,.375,0,2,0,0,3,38%,48.2,69,18,2,1,0,4,3.4,2.8,4.5,81,2,5,1,0,101
178,Ryan Weber\weberry01,25,ATL,36.1,16,2,0,1,1,0,0,1,1,.500,0,1,0,0,0,0%,38.0,48,28,1,1,0,1,4.0,1.1,4.0,65,2,0,0,0,72
179,Robert Whalen\whalero01,22,ATL,24.2,5,5,1,2,2,1,1,3,2,.600,0,2,0,0,2,40%,46.6,61,36,2,0,0,1,5.2,3.6,4.9,90,1,3,1,0,112
180,Trevor Williams\willitr01,24,PIT,12.2,7,1,0,0,1,0,0,1,0,1.000,0,0,0,0,0,0%,41.0,41,41,6,1,0,1,7.0,10.8,4.0,56,1,0,0,0,56
181,Matt Wisler\wislema01,23,ATL,156.2,27,26,7,13,6,2,5,9,17,.346,0,3,0,0,15,58%,48.2,82,14,15,6,1,11,3.8,3.1,6.0,94,5,11,10,0,116
182,Alex Wood*\woodal02,25,LAD,60.1,14,10,1,4,5,0,0,3,7,.300,3,0,0,0,5,50%,52.4,71,28,7,4,0,6,3.5,3.3,5.6,93,1,6,3,0,105
183,Daniel Wright\wrighda04,25,CIN,13.0,4,2,0,1,1,0,0,1,1,.500,0,0,0,0,0,0%,36.5,43,30,2,1,0,2,5.5,8.0,4.2,72,1,1,0,0,87
184,Gabriel Ynoa\ynoaga01,23,NYM,18.1,10,3,0,0,3,0,0,2,1,.667,0,2,0,0,0,0%,49.3,59,38,6,2,0,2,5.4,2.5,3.8,57,3,0,0,0,76
185,Rob Zastryzny*\zastrro01,24,CHC,16.0,8,1,0,0,1,0,0,0,0,,0,0,0,0,0,0%,57.0,57,57,2,0,0,0,1.7,2.3,3.7,57,1,0,0,0,57
