Rk,Name,Age,Tm,IP,G,GS,Wgs,Lgs,ND,Wchp,Ltuf,Wtm,Ltm,tmW-L%,Wlst,Lsv,CG,SHO,QS,QS%,GmScA,Best,Wrst,BQR,BQS,sDR,lDR,RS/GS,RS/IP,IP/GS,Pit/GS,<80,80-99,100-119,≥120,Max
1,Henderson Alvarez\alvarhe01,25,MIA,22.1,4,4,0,4,0,0,1,0,4,.000,0,0,0,0,1,25%,39.2,59,26,4,3,0,3,2.8,2.0,5.6,84,0,4,0,0,85
2,Brett Anderson*\anderbr04,27,LAD,180.1,31,31,10,9,12,3,5,16,15,.516,2,7,1,0,18,58%,50.5,72,17,19,6,0,16,3.8,3.9,5.8,88,8,17,6,0,114
3,Chase Anderson\anderch01,27,ARI,152.2,27,27,6,6,15,1,0,11,16,.407,4,7,0,0,13,48%,50.1,76,15,22,8,0,17,3.3,3.1,5.7,91,1,20,6,0,107
4,Jake Arrieta\arrieja01,29,CHC,229.0,33,33,22,6,5,0,3,25,8,.758,1,3,4,3,29,88%,67.2,98,38,8,2,0,17,4.3,4.0,6.9,104,1,9,21,2,123
5,Alec Asher\asheral01,23,PHI,29.0,7,7,0,6,1,0,1,1,6,.143,0,1,0,0,1,14%,35.9,70,17,2,0,1,5,2.9,1.3,4.1,72,4,3,0,0,93
6,Phillippe Aumont\aumonph01,26,PHI,4.0,1,1,0,1,0,0,0,0,1,.000,0,0,0,0,0,0%,24.0,24,24,0,0,0,1,4.0,0.0,4.0,104,0,0,1,0,104
7,Homer Bailey\baileho02,29,CIN,11.1,2,2,0,1,1,0,0,0,2,.000,0,0,0,0,0,0%,38.5,49,28,3,0,0,1,2.0,2.3,5.7,86,1,1,0,0,92
8,Scott Baker\bakersc02,33,LAD,11.0,2,2,0,1,1,0,1,1,1,.500,0,1,0,0,1,50%,47.0,61,33,0,0,0,2,3.7,3.3,5.5,93,0,1,1,0,102
9,Manny Banuelos*\banuema01,24,ATL,26.1,7,6,1,4,1,1,0,2,4,.333,1,0,0,0,0,0%,44.2,72,22,10,1,0,4,2.2,2.4,4.2,76,3,3,0,0,92
10,Brandon Beachy\beachbr01,28,LAD,8.0,2,2,0,1,1,0,0,0,2,.000,0,1,0,0,0,0%,37.5,39,36,0,0,0,2,3.0,0.0,4.0,80,1,1,0,0,82
11,Dallas Beeler\beeleda01,26,CHC,8.1,3,3,0,1,2,0,0,2,1,.667,1,1,0,0,0,0%,36.3,55,26,3,1,0,3,4.5,2.1,2.8,57,2,1,0,0,86
12,Christian Bergman\bergmch01,27,COL,68.1,30,4,0,1,3,0,0,2,2,.500,0,1,0,0,0,0%,38.5,56,13,8,3,2,1,5.0,4.2,3.9,71,3,1,0,0,85
13,Chad Bettis\bettich01,26,COL,115.0,20,20,8,6,6,2,1,12,8,.600,2,3,0,0,11,55%,50.5,85,2,8,0,0,11,5.1,3.9,5.8,94,1,12,7,0,111
14,Chad Billingsley\billich01,30,PHI,37.0,7,7,2,3,2,1,0,3,4,.429,1,1,0,0,2,29%,40.0,60,19,5,3,0,3,3.9,3.7,5.3,82,2,5,0,0,92
15,Mike Bolsinger\bolsimi01,27,LAD,109.1,21,21,6,6,9,2,1,11,10,.524,2,3,0,0,6,29%,51.6,88,25,17,1,0,11,4.5,4.4,5.2,85,5,15,1,0,101
16,Archie Bradley\bradlar01,22,ARI,35.2,8,8,2,3,3,0,0,5,3,.625,2,1,0,0,3,38%,45.0,72,27,8,3,0,5,6.3,5.4,4.5,81,3,3,2,0,112
17,David Buchanan\buchada01,26,PHI,74.2,15,15,2,9,4,0,2,4,11,.267,2,1,0,0,5,33%,37.7,62,-12,14,3,0,10,3.8,4.6,5.0,82,8,7,0,0,98
18,Madison Bumgarner*\bumgama01,25,SFG,218.1,32,32,18,9,5,4,4,19,13,.594,1,2,4,2,22,69%,61.7,94,23,11,1,0,19,4.3,4.4,6.8,104,1,10,20,1,120
19,A.J. Burnett\burnea.01,38,PIT,164.0,26,26,9,7,10,4,5,13,13,.500,2,3,0,0,17,65%,53.9,80,15,19,4,0,14,3.9,3.7,6.3,96,1,17,8,0,112
20,Eddie Butler\butleed01,24,COL,79.1,16,16,3,10,3,2,0,6,10,.375,0,3,1,0,2,13%,40.6,62,21,5,0,0,7,3.5,2.3,5.0,85,3,13,0,0,96
21,Trevor Cahill\cahiltr01,27,TOT,43.1,26,3,0,3,0,0,0,0,3,.000,0,0,0,0,0,0%,,45,30,8,2,0,2,2.3,2.1,4.1,73,2,1,0,0,87
22,Trevor Cahill\cahiltr01,27,ATL,26.1,15,3,0,3,0,0,0,0,3,.000,0,0,0,0,0,0%,37.7,45,30,5,0,0,2,2.3,2.1,4.1,73,2,1,0,0,87
23,Matt Cain\cainma01,30,SFG,60.2,13,11,2,4,5,0,0,4,7,.364,3,1,0,0,3,27%,44.5,73,27,5,3,0,7,4.8,4.3,5.2,85,2,8,1,0,101
24,Andrew Cashner\cashnan01,28,SDP,184.2,31,31,6,16,9,0,8,12,19,.387,2,6,0,0,18,58%,48.9,68,22,19,9,0,14,3.4,2.8,6.0,100,0,15,15,1,121
25,Jhoulys Chacin\chacijh01,27,ARI,26.2,5,4,1,1,2,1,1,2,2,.500,0,1,0,0,2,50%,54.2,63,47,3,1,0,3,4.9,3.4,5.9,91,0,4,0,0,96
26,Tony Cingrani*\cingrto01,25,CIN,33.1,35,1,0,0,1,0,0,0,1,.000,0,0,0,0,0,0%,27.0,27,27,10,1,0,1,5.0,22.5,2.7,70,1,0,0,0,70
27,A.J. Cole\coleaj01,23,WSN,9.1,3,1,0,0,1,0,0,1,0,1.000,0,1,0,0,0,0%,12.0,12,12,0,0,0,1,13.0,4.5,2.0,55,1,0,0,0,55
28,Gerrit Cole\colege01,24,PIT,208.0,32,32,19,8,5,0,2,23,9,.719,4,1,0,0,25,78%,59.5,78,27,17,4,0,12,3.9,3.8,6.5,101,1,12,19,0,116
29,Josh Collmenter\collmjo01,29,ARI,121.0,44,12,3,6,3,1,1,5,7,.417,2,2,1,1,3,25%,44.9,80,1,9,6,0,6,4.9,5.1,5.7,91,3,3,6,0,114
30,Bartolo Colon\colonba01,42,NYM,194.2,33,31,14,13,4,1,3,15,16,.484,1,0,1,1,19,61%,50.6,82,9,14,6,1,19,3.8,3.7,6.2,87,8,18,5,0,107
31,Adam Conley*\conlead01,25,MIA,67.0,15,11,4,1,6,3,1,8,3,.727,1,2,0,0,5,45%,52.2,77,33,11,2,0,7,6.3,5.3,5.3,89,3,7,1,0,106
32,Tim Cooney*\cooneti01,24,STL,31.1,6,6,1,0,5,0,0,2,4,.333,1,1,0,0,2,33%,54.5,66,33,6,1,0,3,3.5,4.1,5.2,80,2,3,1,0,102
33,Patrick Corbin*\corbipa01,25,ARI,85.0,16,16,6,5,5,1,2,9,7,.563,0,3,0,0,9,56%,52.9,74,26,10,2,0,11,4.6,4.6,5.3,78,5,11,0,0,91
34,Kevin Correia\correke01,34,PHI,23.1,5,5,0,3,2,0,0,1,4,.200,0,0,0,0,0,0%,35.6,62,3,5,1,0,3,4.0,4.1,4.7,84,1,4,0,0,95
35,Jarred Cosart\cosarja01,25,MIA,69.2,14,13,2,5,6,0,1,6,7,.462,2,1,0,0,4,31%,49.5,77,18,4,1,0,8,3.0,2.4,5.1,84,2,10,1,0,105
36,Tyler Cravy\cravyty01,25,MIL,42.2,14,7,0,6,1,0,1,1,6,.143,0,0,0,0,1,14%,43.4,69,21,5,1,2,3,2.7,0.8,4.6,78,3,4,0,0,96
37,Johnny Cueto\cuetojo01,29,CIN,130.2,19,19,7,6,6,1,3,11,8,.579,3,2,1,1,12,63%,62.9,93,35,1,1,0,9,3.4,3.5,6.9,101,1,6,9,3,125
38,Zach Davies\davieza02,22,MIL,34.0,6,6,3,2,1,0,1,4,2,.667,0,0,0,0,4,67%,53.8,71,23,3,1,0,3,5.4,5.6,5.7,90,1,4,1,0,102
39,Jorge De La Rosa*\rosajo01,34,COL,149.0,26,26,9,7,10,0,2,14,12,.538,1,4,1,0,14,54%,51.9,77,8,8,1,0,14,4.2,4.0,5.7,95,2,12,12,0,110
40,Rubby De La Rosa\delarru01,26,ARI,188.2,32,32,14,9,9,5,1,18,14,.563,3,5,0,0,14,44%,49.6,78,14,18,6,0,18,5.2,4.6,5.9,94,3,21,8,0,115
41,Jacob deGrom\degroja01,27,NYM,191.0,30,30,14,8,8,0,3,20,10,.667,5,7,0,0,23,77%,61.8,91,16,13,4,0,20,4.4,3.4,6.4,99,1,12,17,0,117
42,Randall Delgado\delgara01,25,ARI,72.0,64,1,0,0,1,0,0,1,0,1.000,0,0,0,0,0,0%,29.0,29,29,14,6,1,0,11.0,12.0,2.3,65,1,0,0,0,65
43,Anthony DeSclafani\desclan01,25,CIN,184.2,31,31,9,13,9,1,2,13,18,.419,3,5,0,0,17,55%,50.8,82,22,18,9,0,16,3.7,3.1,6.0,94,4,17,9,1,122
44,Odrisamer Despaigne\despaod01,28,SDP,125.2,34,18,5,9,4,0,1,7,11,.389,0,2,0,0,8,44%,46.1,70,10,19,8,1,9,3.2,3.5,5.6,92,1,13,4,0,110
45,Jerad Eickhoff\eickhje01,24,PHI,51.0,8,8,3,3,2,0,2,4,4,.500,2,1,0,0,7,88%,60.6,78,21,0,0,0,6,4.2,2.8,6.4,92,1,6,1,0,110
46,Robbie Erlin*\erlinro01,24,SDP,17.0,3,3,1,2,0,0,1,1,2,.333,0,0,0,0,2,67%,51.0,76,14,2,2,0,3,2.1,1.5,5.7,73,2,1,0,0,86
47,Jose Fernandez\fernajo02,22,MIA,64.2,11,11,6,1,4,2,1,7,4,.636,1,2,0,0,7,64%,58.5,74,26,1,0,0,8,4.4,4.3,5.9,90,3,7,1,0,112
48,Mike Fiers\fiersmi01,30,MIL,118.0,21,21,5,9,7,0,1,10,11,.476,0,3,0,0,9,43%,52.2,73,26,10,2,1,9,3.9,3.5,5.6,96,1,11,9,0,113
49,Brandon Finnegan*\finnebr01,22,CIN,23.2,6,4,2,2,0,1,0,2,2,.500,0,0,0,0,1,25%,50.0,66,35,0,0,0,0,2.8,2.1,5.3,80,2,2,0,0,88
50,Doug Fister\fistedo01,31,WSN,103.0,25,15,4,7,4,0,0,5,10,.333,2,1,0,0,7,47%,46.4,72,12,11,4,0,9,3.8,3.7,5.7,93,1,10,4,0,111
51,Yohan Flande*\flandyo01,29,COL,68.1,19,10,2,2,6,1,0,5,5,.500,0,5,0,0,1,10%,45.5,65,24,8,2,2,5,5.0,3.7,4.8,80,5,5,0,0,91
52,Kendry Flores\floreke01,23,MIA,12.2,7,1,0,1,0,0,0,0,1,.000,0,0,0,0,0,0%,36.0,36,36,3,3,1,0,1.0,0.0,5.0,85,0,1,0,0,85
53,Mike Foltynewicz\foltymi01,23,ATL,86.2,18,15,4,6,5,3,2,6,9,.400,1,3,0,0,4,27%,42.9,75,24,16,3,0,6,4.4,3.8,5.6,95,1,9,5,0,104
54,Carlos Frias\friasca01,25,LAD,77.2,17,13,4,5,4,3,2,7,6,.538,1,1,0,0,5,38%,46.4,66,-4,12,4,2,5,4.3,3.4,5.5,83,4,8,1,0,107
55,Frank Garces*\garcefr01,25,SDP,38.0,40,1,0,1,0,0,0,0,1,.000,0,0,0,0,0,0%,44.0,44,44,9,1,1,0,3.0,0.0,2.0,39,1,0,0,0,39
56,Jaime Garcia*\garcija02,28,STL,129.2,20,20,10,6,4,2,4,13,7,.650,2,1,0,0,15,75%,59.8,80,25,9,4,0,12,3.2,3.4,6.5,93,1,15,4,0,108
57,Yimi Garcia\garciyi01,24,LAD,56.2,59,1,0,0,1,0,0,1,0,1.000,0,0,0,0,0,0%,42.0,42,42,14,4,1,0,11.3,9.0,2.0,43,1,0,0,0,43
58,Matt Garza\garzama01,31,MIL,148.2,26,25,5,14,6,1,3,9,16,.360,2,5,0,0,10,40%,42.9,73,-1,14,7,0,13,3.9,3.0,5.7,94,3,13,9,0,107
59,Dillon Gee\geedi01,29,NYM,39.2,8,7,0,3,4,0,0,4,3,.571,0,3,0,0,2,29%,41.0,66,10,13,2,0,4,4.4,1.6,5.4,83,4,2,1,0,102
60,Gonzalez Germen\germego01,27,TOT,38.2,35,1,0,0,1,0,0,1,0,1.000,0,0,0,0,0,0%,,57,57,12,2,0,1,5.6,3.0,3.0,34,1,0,0,0,34
61,Gonzalez Germen\germego01,27,COL,32.2,29,1,0,0,1,0,0,1,0,1.000,0,0,0,0,0,0%,57.0,57,57,9,2,0,1,5.6,3.0,3.0,34,1,0,0,0,34
62,Sean Gilmartin*\gilmase01,25,NYM,57.1,50,1,0,1,0,0,0,0,1,.000,0,0,0,0,0,0%,55.0,55,55,18,5,1,0,0.0,0.0,5.0,70,1,0,0,0,70
63,Zack Godley\godleza01,25,ARI,36.2,9,6,4,1,1,1,0,5,1,.833,0,0,0,0,3,50%,55.2,71,26,3,2,0,4,5.7,5.6,4.9,78,2,4,0,0,94
64,Marco Gonzales*\gonzama02,23,STL,2.2,1,1,0,0,1,0,0,1,0,1.000,0,1,0,0,0,0%,28.0,28,28,2,0,0,1,8.3,0.0,2.7,66,1,0,0,0,66
65,Gio Gonzalez*\gonzagi01,29,WSN,175.2,31,31,11,8,12,2,2,16,15,.516,8,5,0,0,16,52%,51.9,74,22,23,6,0,16,4.8,4.3,5.7,95,3,15,13,0,117
66,Severino Gonzalez\gonzase01,22,PHI,30.2,7,7,3,3,1,3,0,3,4,.429,0,1,0,0,0,0%,39.3,53,8,9,2,0,5,4.5,5.2,4.4,79,4,2,1,0,114
67,Jon Gray\grayjo02,23,COL,40.2,9,9,0,2,7,0,0,1,8,.111,2,3,0,0,1,11%,44.7,69,10,7,1,0,7,4.2,2.9,4.5,76,6,3,0,0,92
68,Zack Greinke\greinza01,31,LAD,222.2,32,32,19,3,10,1,3,23,9,.719,3,4,1,0,30,94%,67.1,88,33,8,1,0,16,3.9,3.6,7.0,101,0,12,20,0,119
69,David Hale\haleda02,27,COL,78.1,17,12,3,5,4,1,0,3,9,.250,2,3,0,0,2,17%,43.8,60,27,5,0,0,6,5.1,5.8,5.7,94,0,8,4,0,105
70,Cole Hamels*\hamelco01,31,PHI,128.2,20,20,6,7,7,0,1,10,10,.500,1,2,1,1,13,65%,57.4,98,2,0,0,0,9,3.1,2.8,6.4,105,1,3,14,2,129
71,Jason Hammel\hammeja01,32,CHC,170.2,31,31,10,7,14,3,1,15,16,.484,2,7,0,0,12,39%,54.0,81,23,22,6,0,14,4.2,4.5,5.5,89,7,13,11,0,117
72,Brad Hand*\handbr01,25,MIA,93.1,38,12,4,6,2,0,0,4,8,.333,1,0,0,0,4,33%,44.2,70,15,21,7,2,6,3.2,4.7,4.8,79,4,7,1,0,106
73,J.A. Happ*\happja01,32,PIT,63.1,11,11,7,2,2,2,0,8,3,.727,0,0,0,0,6,55%,61.3,79,33,10,2,0,6,3.8,3.7,5.8,90,1,8,2,0,110
74,Aaron Harang\haranaa01,37,PHI,172.1,29,29,6,15,8,1,4,11,18,.379,2,1,0,0,13,45%,47.1,83,7,8,2,0,13,3.9,3.2,5.9,98,1,16,12,0,112
75,Dan Haren\harenda01,34,TOT,187.1,32,32,11,9,12,3,4,17,15,.531,3,4,0,0,17,53%,53.5,78,21,13,7,0,17,4.4,4.4,5.9,91,7,13,12,0,115
76,Dan Haren\harenda01,34,MIA,129.0,21,21,7,7,7,2,4,10,11,.476,3,1,0,0,14,67%,55.0,70,21,8,4,0,11,3.9,4.2,6.1,96,1,11,9,0,115
77,Dan Haren\harenda01,34,CHC,58.1,11,11,4,2,5,1,0,7,4,.636,0,3,0,0,3,27%,50.5,78,30,5,3,0,6,5.2,4.9,5.3,81,6,2,3,0,105
78,Matt Harvey\harvema01,26,NYM,189.1,29,29,13,8,8,2,4,17,12,.586,4,1,0,0,21,72%,60.7,79,24,9,1,0,19,4.4,4.3,6.5,97,3,11,15,0,115
79,Jeremy Hellickson\hellije01,28,ARI,146.0,27,27,9,12,6,1,3,11,16,.407,2,3,0,0,12,44%,49.2,73,20,18,5,0,18,4.1,4.4,5.4,92,3,16,8,0,110
80,Kyle Hendricks\hendrky01,25,CHC,180.0,32,32,8,7,17,2,1,19,13,.594,7,6,1,1,11,34%,53.4,84,19,14,3,0,16,4.0,3.6,5.6,87,7,21,4,0,108
81,Chris Heston\hestoch01,27,SFG,177.2,31,31,12,11,8,3,2,16,15,.516,2,1,2,1,14,45%,51.6,98,15,30,4,0,15,4.7,4.9,5.7,90,7,18,6,0,116
82,David Holmberg*\holmbda01,23,CIN,28.1,6,6,1,4,1,0,1,1,5,.167,1,0,0,0,2,33%,38.0,56,14,7,2,0,3,4.6,5.5,4.7,89,2,2,2,0,110
83,Daniel Hudson\hudsoda01,28,ARI,67.2,64,1,0,0,1,0,0,1,0,1.000,0,0,0,0,0,0%,59.0,59,59,20,7,1,0,2.3,6.0,3.3,56,1,0,0,0,56
84,Tim Hudson\hudsoti01,39,SFG,123.2,24,22,8,9,5,2,2,12,10,.545,1,0,0,0,10,45%,47.7,67,16,25,8,0,12,4.0,3.8,5.5,83,7,13,2,0,100
85,David Huff*\huffda01,30,LAD,6.0,3,1,0,0,1,0,0,1,0,1.000,0,1,0,0,0,0%,33.0,33,33,0,0,0,1,6.5,2.3,4.0,68,1,0,0,0,68
86,Raisel Iglesias\iglesra01,25,CIN,95.1,18,16,3,7,6,0,3,5,11,.313,2,2,0,0,8,50%,55.9,76,29,7,2,1,9,3.1,2.7,5.8,94,3,7,6,0,113
87,Taylor Jordan\jordata01,26,WSN,17.0,4,1,0,1,0,0,0,0,1,.000,0,0,0,0,0,0%,27.0,27,27,1,1,0,0,0.0,0.0,6.0,100,0,0,1,0,100
88,Taylor Jungmann\jungmta01,25,MIL,119.1,21,21,9,8,4,1,1,10,11,.476,2,2,1,0,10,48%,53.3,82,24,8,3,0,12,4.2,4.2,5.7,97,0,9,12,0,112
89,Casey Kelly\kellyca01,25,SDP,11.1,3,2,0,2,0,0,0,0,2,.000,0,0,0,0,0,0%,30.5,31,30,1,0,0,2,2.5,0.9,4.7,80,1,1,0,0,81
90,Kyle Kendrick\kendrky01,30,COL,142.1,27,27,7,13,7,5,2,10,17,.370,1,2,0,0,6,22%,42.1,69,10,18,11,0,14,4.9,5.9,5.3,82,9,12,6,0,104
91,Ian Kennedy\kenneia01,30,SDP,168.1,30,30,9,15,6,1,6,13,17,.433,2,2,0,0,17,57%,51.3,69,16,15,3,0,16,3.9,3.0,5.6,97,2,12,15,1,122
92,Clayton Kershaw*\kershcl01,27,LAD,232.2,33,33,16,7,10,1,5,20,13,.606,4,4,4,3,27,82%,68.0,97,33,10,6,0,15,4.2,3.6,7.1,103,1,9,21,2,132
93,Tom Koehler\koehlto01,29,MIA,187.1,32,31,11,14,6,2,6,15,16,.484,1,3,0,0,18,58%,50.2,74,17,18,2,1,15,4.2,4.0,5.9,95,3,17,11,0,112
94,John Lackey\lackejo01,36,STL,218.0,33,33,13,10,10,0,5,17,16,.515,4,5,1,0,26,79%,57.4,81,7,6,0,0,15,3.8,3.3,6.6,95,5,10,18,0,114
95,John Lamb*\lambjo02,24,CIN,49.2,10,10,1,5,4,1,1,2,8,.200,2,0,0,0,2,20%,46.4,67,29,6,2,0,4,4.1,3.5,5.0,91,2,6,2,0,112
96,Mat Latos\latosma01,27,TOT,112.2,22,21,4,9,8,0,2,8,13,.381,2,3,0,0,9,43%,48.9,76,10,15,4,0,12,3.7,3.0,5.3,83,5,12,4,0,108
97,Mat Latos\latosma01,27,MIA,88.1,16,16,4,7,5,0,2,6,10,.375,1,1,0,0,8,50%,51.4,76,10,11,4,0,9,3.2,2.9,5.5,85,3,9,4,0,108
98,Mat Latos\latosma01,27,LAD,24.1,6,5,0,2,3,0,0,2,3,.400,1,2,0,0,1,20%,40.8,60,23,4,0,0,3,5.1,3.3,4.7,77,2,3,0,0,86
99,Mike Leake\leakemi01,27,TOT,192.0,30,30,11,10,9,0,4,14,16,.467,2,1,2,1,19,63%,54.0,85,10,9,2,0,15,3.9,3.9,6.4,92,6,14,10,0,119
100,Mike Leake\leakemi01,27,CIN,136.2,21,21,9,5,7,0,2,11,10,.524,2,1,1,0,14,67%,55.0,85,10,5,2,0,10,4.2,4.3,6.5,95,3,9,9,0,119
101,Mike Leake\leakemi01,27,SFG,55.1,9,9,2,5,2,0,2,3,6,.333,0,0,1,1,5,56%,51.8,81,25,4,0,0,5,3.3,3.0,6.1,84,3,5,1,0,104
102,Zach Lee\leeza01,23,LAD,4.2,1,1,0,1,0,0,0,0,1,.000,0,0,0,0,0,0%,16.0,16,16,1,1,0,1,2.0,1.8,4.7,90,0,1,0,0,90
103,Jon Lester*\lestejo01,31,CHC,205.0,32,32,11,12,9,1,3,17,15,.531,2,3,1,0,21,66%,57.6,81,17,14,3,0,16,3.7,2.9,6.4,100,2,13,17,0,117
104,Tim Lincecum\linceti01,31,SFG,76.1,15,15,7,4,4,3,0,8,7,.533,0,4,0,0,5,33%,49.7,79,21,10,0,0,9,4.3,3.3,5.1,88,3,8,4,0,107
105,Francisco Liriano*\liriafr01,31,PIT,186.2,31,31,12,7,12,2,3,20,11,.645,3,4,0,0,20,65%,57.2,89,18,17,3,0,17,5.1,4.5,6.0,96,3,13,15,0,113
106,Jeff Locke*\lockeje01,27,PIT,168.1,30,30,8,11,11,2,1,16,14,.533,1,7,0,0,10,33%,48.3,84,20,16,4,0,14,4.1,3.5,5.6,93,1,25,4,0,104
107,Kyle Lohse\lohseky01,36,MIL,152.1,37,22,5,13,4,3,2,7,15,.318,2,2,0,0,5,23%,43.0,85,9,12,4,0,10,4.3,4.5,5.6,95,3,10,9,0,116
108,Jorge Lopez\lopezjo02,22,MIL,10.0,2,2,1,1,0,1,0,1,1,.500,0,1,0,0,0,0%,43.5,44,43,0,0,0,1,2.5,2.7,5.0,94,0,2,0,0,94
109,Michael Lorenzen\lorenmi01,23,CIN,113.1,27,21,4,9,8,1,1,9,12,.429,2,2,0,0,7,33%,44.4,69,10,21,8,0,12,4.5,3.8,5.0,89,3,13,5,0,107
110,Jordan Lyles\lylesjo01,24,COL,49.0,10,10,2,5,3,0,0,3,7,.300,1,0,0,0,3,30%,45.8,60,21,6,4,0,6,3.3,3.4,4.9,77,4,6,0,0,98
111,Lance Lynn\lynnla01,28,STL,175.1,31,31,12,11,8,1,3,17,14,.548,0,6,0,0,19,61%,54.5,75,19,15,4,0,13,3.1,2.6,5.7,98,3,11,17,0,119
112,Tyler Lyons*\lyonsty01,27,STL,60.0,17,8,3,1,4,2,0,4,4,.500,0,3,0,0,2,25%,50.2,74,38,7,4,0,6,5.8,5.8,5.2,88,1,6,1,0,100
113,Jason Marquis\marquja01,36,CIN,47.1,9,9,3,4,2,1,0,4,5,.444,1,1,0,0,3,33%,40.8,61,23,4,0,0,5,5.4,6.8,5.3,87,3,4,2,0,113
114,Carlos Martinez\martica04,23,STL,179.2,31,29,14,6,9,0,2,22,7,.759,4,5,0,0,20,69%,56.7,80,15,18,5,0,14,4.1,3.8,6.0,95,2,10,17,0,108
115,Steven Matz*\matzst01,24,NYM,35.2,6,6,4,0,2,1,0,5,1,.833,1,0,0,0,3,50%,57.8,74,45,2,0,0,5,5.9,4.8,5.9,96,0,3,3,0,110
116,Tyler Matzek*\matzety01,24,COL,22.0,5,5,2,1,2,1,0,3,2,.600,1,0,0,0,1,20%,47.6,60,30,3,0,0,4,5.5,4.3,4.4,80,2,3,0,0,92
117,Brandon McCarthy\mccarbr01,31,LAD,23.0,4,4,3,0,1,2,0,4,0,1.000,0,0,0,0,1,25%,50.0,70,34,1,0,0,3,8.0,8.4,5.8,92,0,4,0,0,98
118,Dustin McGowan\mcgowdu01,33,PHI,23.1,14,1,0,1,0,0,0,0,1,.000,0,0,0,0,0,0%,38.0,38,38,5,3,1,0,1.0,0.0,3.3,76,1,0,0,0,76
119,Shelby Miller\millesh01,24,ATL,205.1,33,33,6,17,10,1,8,11,22,.333,3,5,2,2,21,64%,55.6,88,24,16,5,0,15,2.6,2.1,6.2,98,1,15,17,0,113
120,Rafael Montero\montera01,24,NYM,10.0,5,1,0,0,1,0,0,0,1,.000,0,1,0,0,0,0%,52.0,52,52,5,2,0,1,3.0,0.0,5.7,85,0,1,0,0,85
121,Adam Morgan*\morgaad01,25,PHI,84.1,15,15,5,7,3,1,3,7,8,.467,1,0,0,0,8,53%,48.7,63,30,9,4,0,9,3.8,4.2,5.6,83,6,9,0,0,98
122,Brandon Morrow\morrobr01,30,SDP,33.0,5,5,2,0,3,0,0,5,0,1.000,0,1,0,0,4,80%,58.6,73,42,0,0,0,3,4.0,2.5,6.6,97,0,3,2,0,102
123,Charlie Morton\mortoch02,31,PIT,129.0,23,23,9,9,5,2,3,14,9,.609,0,2,0,0,12,52%,48.0,75,0,14,6,0,14,4.6,3.8,5.6,87,4,14,5,0,105
124,Jon Moscot\moscojo01,23,CIN,11.2,3,3,1,1,1,0,0,1,2,.333,0,0,0,0,1,33%,48.7,52,43,1,0,0,1,2.4,3.0,3.9,62,1,2,0,0,95
125,Chris Narveson*\narvech01,33,MIA,30.1,15,2,1,1,0,1,0,1,1,.500,0,0,0,0,0,0%,41.0,65,17,6,0,1,0,3.0,3.0,4.5,85,1,1,0,0,90
126,Jimmy Nelson\nelsoji02,26,MIL,177.1,30,30,11,13,6,3,1,14,16,.467,1,2,0,0,13,43%,52.1,80,13,21,6,0,13,4.3,3.8,5.9,93,4,14,12,0,112
127,Juan Nicasio\nicasju01,28,LAD,58.1,53,1,0,0,1,0,0,0,1,.000,0,1,0,0,0,0%,47.0,47,47,21,8,1,0,3.0,0.0,2.0,41,1,0,0,0,41
128,Justin Nicolino*\nicolju01,23,MIA,74.0,12,12,5,4,3,0,1,6,6,.500,1,1,0,0,8,67%,49.6,69,25,4,2,0,9,3.8,3.8,6.2,87,1,10,1,0,101
129,Jon Niese*\niesejo01,28,NYM,176.2,33,29,9,10,10,1,4,14,15,.483,2,6,0,0,18,62%,49.0,78,13,14,4,0,19,4.3,3.8,6.0,91,3,17,9,0,107
130,Aaron Nola\nolaaa01,22,PHI,77.2,13,13,6,2,5,3,1,7,6,.538,1,4,0,0,6,46%,54.6,80,24,0,0,0,8,4.9,3.8,6.0,86,3,9,1,0,100
131,Sean O'Sullivan\osullse01,27,PHI,71.0,13,13,1,6,6,0,1,5,8,.385,0,3,0,0,4,31%,40.8,64,20,8,3,0,6,4.1,3.3,5.5,91,2,9,1,1,124
132,Jake Peavy\peavyja01,34,SFG,110.2,19,19,8,6,5,4,2,11,8,.579,3,1,0,0,10,53%,53.8,71,30,8,1,0,9,4.6,4.5,5.8,92,2,13,4,0,106
133,Ariel Pena\penaar01,26,MIL,27.1,6,5,1,1,3,1,0,2,3,.400,0,2,0,0,0,0%,50.6,57,43,4,2,1,2,3.2,1.5,4.9,89,1,4,0,0,94
134,Wily Peralta\peralwi01,26,MIL,108.2,20,20,5,10,5,1,3,9,11,.450,2,1,0,0,10,50%,46.0,66,19,10,3,0,10,4.6,4.2,5.4,88,5,9,6,0,118
135,Williams Perez\perezwi01,24,ATL,116.2,23,20,7,6,7,2,1,9,11,.450,2,3,1,0,9,45%,47.0,70,8,12,9,1,9,4.0,3.5,5.7,90,4,9,7,0,106
136,Yusmeiro Petit\petityu01,30,SFG,76.0,42,1,0,1,0,0,0,0,1,.000,0,0,0,0,0,0%,43.0,43,43,3,0,0,1,3.0,3.0,6.0,81,0,1,0,0,81
137,David Phelps\phelpda01,28,MIA,112.0,23,19,4,8,7,0,2,6,13,.316,2,3,0,0,10,53%,48.9,79,6,12,6,0,10,4.0,3.9,5.6,92,3,10,6,0,111
138,Robbie Ray*\rayro02,23,ARI,127.2,23,23,5,12,6,1,4,8,15,.348,4,0,0,0,10,43%,52.7,74,23,14,5,0,14,3.4,3.6,5.6,98,0,12,11,0,110
139,Colin Rea\reaco01,24,SDP,31.2,6,6,2,2,2,2,0,4,2,.667,2,0,0,0,1,17%,50.7,74,36,3,0,0,4,6.1,6.3,5.3,88,2,4,0,0,96
140,Clayton Richard*\richacl01,31,CHC,42.1,23,3,2,0,1,0,0,2,1,.667,1,0,0,0,2,67%,54.0,61,49,9,2,0,3,5.2,7.5,6.0,86,1,2,0,0,96
141,Donn Roach\roachdo01,25,CHC,3.1,1,1,0,1,0,0,0,0,1,.000,0,0,0,0,0,0%,28.0,28,28,3,2,0,1,1.0,2.3,3.3,61,1,0,0,0,61
142,Tanner Roark\roarkta01,28,WSN,111.0,40,12,3,4,5,2,1,4,8,.333,0,2,0,0,4,33%,46.7,71,3,15,4,0,6,4.3,4.2,5.4,88,3,5,4,0,112
143,Joe Ross\rossjo01,22,WSN,76.2,16,13,5,5,3,0,2,6,7,.462,1,0,0,0,8,62%,54.5,73,29,15,5,0,6,3.9,4.8,5.7,85,5,6,2,0,108
144,Tyson Ross\rossty01,28,SDP,196.0,33,33,10,12,11,4,7,16,17,.485,3,5,1,0,21,64%,56.1,83,38,10,5,0,13,4.1,3.9,5.9,98,1,14,18,0,115
145,Chris Rusin*\rusinch01,28,COL,131.2,24,22,5,10,7,1,4,8,14,.364,3,2,2,1,13,59%,42.6,80,-11,10,4,0,13,5.1,5.4,5.7,93,2,14,6,0,113
146,Casey Sadler\sadleca02,24,PIT,5.0,1,1,1,0,0,1,0,1,0,1.000,0,1,0,0,0,0%,55.0,55,55,0,0,0,1,10.0,1.8,5.0,77,1,0,0,0,77
147,Keyvius Sampson\sampske01,24,CIN,52.1,13,12,2,6,4,1,0,4,8,.333,1,1,0,0,1,8%,40.5,61,26,12,5,2,4,4.7,4.2,4.3,86,4,7,1,0,100
148,Max Scherzer\scherma01,30,WSN,228.2,33,33,14,12,7,1,6,18,15,.545,2,2,4,3,23,70%,64.4,104,24,7,3,0,15,3.6,3.9,6.9,102,1,9,22,1,122
149,James Shields\shielja02,33,SDP,202.1,33,33,13,7,13,5,2,16,17,.485,4,6,0,0,19,58%,54.1,73,21,16,7,0,13,5.1,4.9,6.1,101,2,9,21,1,121
150,Josh Smith\smithjo07,27,CIN,32.2,9,7,0,4,3,0,0,1,6,.143,0,2,0,0,0,0%,40.1,50,32,3,3,0,3,3.6,3.2,4.3,89,2,3,2,0,109
151,Stephen Strasburg\strasst01,26,WSN,127.1,23,23,11,7,5,3,2,14,9,.609,1,2,0,0,11,48%,56.5,93,16,11,2,0,13,4.8,4.5,5.5,89,6,7,10,0,113
152,Eric Stults*\stulter01,35,ATL,47.2,9,8,1,5,2,0,1,2,6,.250,1,0,0,0,3,38%,44.4,65,27,5,4,0,4,3.1,2.9,5.5,90,1,5,2,0,103
153,Noah Syndergaard\syndeno01,22,NYM,150.0,24,24,9,7,8,1,2,13,11,.542,4,4,0,0,14,58%,58.7,85,24,3,2,0,16,4.1,4.3,6.3,99,0,14,10,0,116
154,Julio Teheran\teherju01,24,ATL,200.2,33,33,11,8,14,0,2,19,14,.576,7,1,0,0,20,61%,52.1,78,9,26,12,0,16,4.5,4.1,6.1,99,1,12,20,0,115
155,Ian Thomas*\thomaia01,28,TOT,23.1,14,1,1,0,0,1,0,1,0,1.000,0,0,0,0,0,0%,,62,62,4,2,0,1,7.0,10.8,5.0,81,0,1,0,0,81
156,Ian Thomas*\thomaia01,28,LAD,18.0,9,1,1,0,0,1,0,1,0,1.000,0,0,0,0,0,0%,62.0,62,62,2,2,0,1,7.0,10.8,5.0,81,0,1,0,0,81
157,Jose Urena\urenajo01,23,MIA,61.2,20,9,1,5,3,0,2,2,7,.222,1,1,0,0,4,44%,45.1,64,23,5,0,0,5,2.8,2.0,5.1,84,1,7,1,0,103
158,Logan Verrett\verrelo01,25,NYM,38.2,14,4,1,1,2,0,0,2,2,.500,0,0,0,0,1,25%,55.8,77,43,4,1,1,3,4.1,4.7,5.6,79,2,2,0,0,93
159,Ryan Vogelsong\vogelry01,37,SFG,135.0,33,22,8,10,4,2,1,11,11,.500,0,2,0,0,9,41%,49.2,73,8,23,9,1,13,4.3,4.0,5.3,89,4,14,4,0,110
160,Michael Wacha\wachami01,23,STL,181.1,30,30,17,7,6,3,1,21,9,.700,1,2,0,0,19,63%,54.9,75,25,8,2,0,15,5.1,5.0,6.0,98,1,12,17,0,112
161,Tsuyoshi Wada*\wadats01,34,CHC,32.1,8,7,1,1,5,0,0,5,2,.714,0,1,0,0,1,14%,52.0,73,22,7,1,0,4,5.5,5.3,4.5,74,4,2,1,0,107
162,Tyler Wagner\wagnety01,24,MIL,13.2,3,3,0,2,1,0,1,1,2,.333,0,1,0,0,1,33%,35.0,55,24,1,0,0,3,2.1,0.7,4.6,82,2,1,0,0,95
163,Adam Wainwright\wainwad01,33,STL,28.0,7,4,2,1,1,0,1,3,1,.750,0,0,0,0,3,75%,60.5,68,48,0,0,0,4,3.6,2.9,6.3,85,1,0,3,0,102
164,Ryan Weber\weberry01,24,ATL,28.1,5,5,0,3,2,0,2,1,4,.200,1,1,0,0,3,60%,51.6,73,9,5,5,0,4,4.0,2.2,5.7,81,2,3,0,0,98
165,Allen Webster\webstal01,25,ARI,31.0,9,5,1,1,3,1,0,3,2,.600,0,1,0,0,0,0%,41.4,56,33,8,5,0,3,5.3,4.9,4.8,78,3,2,0,0,87
166,Joe Wieland\wielajo01,25,LAD,8.2,2,2,0,1,1,0,0,0,2,.000,0,1,0,0,0,0%,36.5,47,26,2,1,0,2,2.5,3.0,4.3,78,1,1,0,0,84
167,Jerome Williams\willije01,33,PHI,121.0,33,21,4,10,7,1,0,7,14,.333,1,4,0,0,7,33%,41.1,66,4,13,6,0,6,4.1,3.2,5.0,82,8,10,3,0,102
168,Matt Wisler\wislema01,22,ATL,109.0,20,19,8,8,3,3,2,9,10,.474,2,1,0,0,8,42%,47.2,78,15,15,3,0,11,3.1,3.6,5.6,91,3,11,5,0,105
169,Alex Wood*\woodal02,24,TOT,189.2,32,32,12,12,8,3,3,13,19,.406,3,2,0,0,17,53%,51.2,85,11,22,11,1,16,3.7,4.0,5.9,94,3,17,11,0,113
170,Alex Wood*\woodal02,24,ATL,119.1,20,20,7,6,7,2,1,8,12,.400,2,2,0,0,11,55%,51.5,77,25,13,3,1,11,3.9,4.1,6.0,98,0,10,9,0,113
171,Alex Wood*\woodal02,24,LAD,70.1,12,12,5,6,1,1,2,5,7,.417,1,0,0,0,6,50%,50.8,85,11,9,8,0,5,3.3,3.9,5.9,87,3,7,2,0,109
172,Travis Wood*\woodtr01,28,CHC,100.2,54,9,2,2,5,0,0,5,4,.556,2,1,0,0,2,22%,49.2,76,32,31,13,2,4,5.8,6.3,4.7,81,2,7,0,0,99
173,Vance Worley\worleva01,27,PIT,71.2,23,8,2,4,2,1,0,3,5,.375,0,2,0,0,2,25%,43.6,64,26,6,0,0,5,3.2,2.7,5.4,90,0,7,1,0,106
174,Jordan Zimmermann\zimmejo02,29,WSN,201.2,33,33,13,10,10,3,5,19,14,.576,4,4,0,0,22,67%,53.6,77,8,10,3,0,14,5.0,4.6,6.1,94,5,14,14,0,116
